MEMORY
  total            13.6 MB
  struct          159.0 KB
  buffer          410.3 KB
  arena            13.0 MB, used 0.2%

SIZES
  narena                13631488
  nbuffer               420160
  nplugin               0
  maxuse_stack          1272
  maxuse_arena          30664
  maxuse_con            3
  maxuse_efc            12
  solver_nisland        1
  ncon                  0
  ne                    0
  nf                    0
  nl                    0
  nefc                  0
  nJ                    0
  nA                    0
  nisland               0
  threadpool            0

ENERGY =   0         0       

TIME =  2.1e+02 

QPOS
   0.06    
   0.17    
  -3       
   1.2     
  -0.068   
  -0.76    

QVEL
   1.7e-15 
   1.7e-15 
   4.4e-14 
   4.6e-15 
   5.4e-16 
  -2.5e-15 

QACC_WARMSTART
   4.9e-29 
   4.2e-31 
  -4.4e-30 
   9.3e-30 
  -1.3e-28 
  -6.2e-29 

CTRL
  -2.7e-29 
   2.3     
   4.8     
   1.9     
  -0.00025 
  -6.2e-33 

QFRC_APPLIED
   0       
   0       
   0       
   0       
   0       
   0       

XFRC_APPLIED
   0         0         0         0         0         0       
   0         0         0         0         0         0       
   0         0         0         0         0         0       
   0         0         0         0         0         0       
   0         0         0         0         0         0       
   0         0         0         0         0         0       
   0         0         0         0         0         0       
   0         0         0         0         0         0       

QACC
   4.9e-29 
   4.2e-31 
  -4.4e-30 
   9.3e-30 
  -1.3e-28 
  -6.2e-29 

SENSOR
   0.06    
   1.7e-15 
  -2.7e-29 
   0.17    
   1.7e-15 
   2.3     
  -3       
   4.4e-14 
   4.8     
   1.2     
   4.6e-15 
   1.9     
  -0.068   
   5.4e-16 
  -0.00025 
  -0.76    
  -2.5e-15 
  -6.2e-33 
   0.91    
   0.86    
  -0.079   
   0.018   
  -0.019   
   2e-18   
   7.1     
   6.7     
  -0.61    
  -3.3e-14 
   3.8e-14 
   8.5e-16 
   0.25    
  -0.03    
   0.24    
   0.26    
   0.68    
   0.27    
   0.63    

XPOS
   0         0         0       
   0         0         0       
   0         0         0       
  -0.0022    0.037     0.15    
  -0.085    -0.054     0.67    
   0.066    -0.068     0.26    
   0.14     -0.033     0.25    
   0.21     -0.029     0.24    

XQUAT
   1         0         0         0       
   1         0         0         0       
   1         0         0         0.03    
   0.44      0.47     -0.53      0.55    
   0.59      0.57      0.42     -0.39    
   0.71      0.71      0.044    -0.00081 
   1        -0.002     0.031    -0.0036  
   0.26      0.68      0.27      0.63    

XMAT
   1         0         0         0         1         0         0         0         1       
   1         0         0         0         1         0         0         0         1       
   1        -0.06      0         0.06      1         0         0         0         1       
  -0.17     -0.98      0.06     -0.01     -0.06     -1         0.99     -0.17      8e-12   
   0.34      0.94      0.06      0.021     0.057    -1        -0.94      0.35      8e-12   
   1         0.063     0.06      0.06      0.0038   -1        -0.063     1         8e-12   
   1         0.0072    0.063    -0.0074    1         0.0038   -0.063    -0.0043    1       
   0.052     0.037     1         0.69     -0.73     -0.009     0.72      0.69     -0.063   

XIPOS
   0         0         0       
  -0.056     0.0016    0.015   
  -0.0014    0.024     0.098   
  -0.052    -0.0028    0.46    
   0.0074   -0.037     0.41    
   0.17     -0.032     0.31    
   0.19     -0.031     0.24    
   0.23     -0.03      0.24    

XIMAT
   1         0         0         0         1         0         0         0         1       
  -0.034    -0.029     1         0.002    -1        -0.029     1         0.00098   0.034   
  -0.0051    0.06      1         0.09     -0.99      0.061     1         0.09     -0.0004  
   0.053     0.98     -0.17     -1         0.053    -0.0055    0.0036    0.17      0.99    
   0.059    -0.94      0.34     -1        -0.055     0.02      0.00011  -0.34     -0.94    
  -0.082    -1         0.042    -0.0024   -0.042    -1         1        -0.082     0.001   
   0.063     0.044     1         0.0038   -1         0.044     1         0.001    -0.063   
   1        -0.052    -0.037    -0.009    -0.69      0.73     -0.063    -0.72     -0.69    

XANCHOR
   0         0         0       
  -0.0022    0.037     0.15    
  -0.085    -0.054     0.67    
   0.066    -0.068     0.26    
   0.14     -0.033     0.25    
   0.21     -0.029     0.24    

XAXIS
   0         0         1       
   0.06     -1         8e-12   
   0.06     -1         8e-12   
   0.06     -1         8e-12   
   0.063     0.0038    1       
   1        -0.009    -0.063   

GEOM_XPOS
   0         0         0       
  -0.056     0.0016    0.015   
  -0.00036   0.0085    0.099   
  -0.05     -0.00086   0.44    
   0.027    -0.036     0.36    
   0.14     -0.033     0.27    
   0.19     -0.031     0.24    
   0.24     -0.03      0.24    

GEOM_XMAT
   1         0         0         0         1         0         0         0         1       
  -0.034    -0.029     1         0.002    -1        -0.029     1         0.00098   0.034   
   1        -0.039    -0.022     0.045     0.89      0.46      0.0018   -0.46      0.89    
   0.038     0.98     -0.17     -1         0.038    -0.00074   0.0058    0.17      0.99    
   0.048    -0.94      0.35     -1        -0.046     0.014     0.0026   -0.35     -0.94    
   0.85      0.036    -0.53      0.028    -1        -0.024    -0.53      0.0054   -0.85    
  -0.044    -1         0.045     1        -0.044     0.003    -0.001     0.045     1       
   1        -0.062    -0.0098   -0.009    -0.29      0.96     -0.063    -0.95     -0.29    

SITE_XPOS
   0.25     -0.03      0.24    

SITE_XMAT
   0.052     0.037     1         0.69     -0.73     -0.009     0.72      0.69     -0.063   

LIGHT_XPOS
   0         0         4       

LIGHT_XDIR
   0         0        -1       

SUBTREE_COM
   0.021    -0.0019    0.21    
   0.021    -0.0019    0.21    
   0.042    -0.0028    0.26    
   0.072    -0.022     0.37    
   0.15     -0.032     0.32    
   0.17     -0.032     0.3     
   0.22     -0.03      0.24    
   0.23     -0.03      0.24    

CDOF
   0         0         1         0.0019    0.021    -0       
   0.06     -1         8e-12    -0.054    -0.0033    0.021   
   0.06     -1         8e-12     0.46      0.028     0.11    
   0.06     -1         8e-12     0.049     0.003    -0.041   
   0.063     0.0038    1        -0.031    -0.12      0.0024  
   1        -0.009    -0.063     0.002     0.046     0.026   

CINERT
   0         0         0         0         0         0         0         0         0         0       
   0.057     0.073     0.017     0.00059  -0.023     0.001    -0.12      0.0053   -0.29      1.5     
   0.035     0.037     0.011     0.0012   -0.0058    0.0066   -0.053     0.06     -0.26      2.3     
   0.094     0.1       0.0077   -0.00011   0.025     0.00038  -0.091    -0.0012    0.31      1.2     
   0.018     0.018     0.00095  -0.0002    0.0019    0.0026   -0.0051   -0.013     0.075     0.37    
   0.017     0.049     0.036     0.0069   -0.023     0.0046    0.23     -0.046     0.15      1.5     
   0.00016   0.0021    0.0021    0.00034  -0.00041   7.1e-05   0.012    -0.002     0.0025    0.07    
   0.00033   0.006     0.006     0.00076  -0.00089   0.00012   0.027    -0.0036    0.0042    0.13    

ACTUATOR_LENGTH
   0.06    
   0.17    
  -3       
   1.2     
  -0.068   
  -0.76    

actuator_moment
--------
 x      |
  x     |
   x    |
    x   |
     x  |
      x |
--------

ACTUATOR_MOMENT
     0:  1       
     1:  1       
     2:  1       
     3:  1       
     4:  1       
     5:  1       

CRB
   0         0         0         0         0         0         0         0         0         0       
   0.22      0.29      0.081     0.0095   -0.025     0.015    -1.4e-17   1.7e-17   0         7.2     
   0.16      0.21      0.064     0.0089   -0.0023    0.014     0.12     -0.0053    0.29      5.7     
   0.13      0.18      0.053     0.0076    0.0035    0.0078    0.17     -0.066     0.55      3.3     
   0.036     0.075     0.045     0.0078   -0.022     0.0074    0.26     -0.065     0.23      2.1     
   0.018     0.057     0.044     0.008    -0.024     0.0047    0.27     -0.052     0.16      1.7     
   0.00049   0.0081    0.008     0.0011   -0.0013    0.00019   0.039    -0.0056    0.0066    0.2     
   0.00033   0.006     0.006     0.00076  -0.00089   0.00012   0.027    -0.0036    0.0042    0.13    

QM
   0.072    -0.014     0.03     -0.0031    0.0035   -6e-06   
  -0.014     0.25     -0.034     0.046    -4.1e-05   6.6e-06 
   0.03     -0.034     0.38      0.025     0.00016   6.6e-06 
  -0.0031    0.046     0.025     0.026     2.3e-06   6.6e-06 
   0.0035   -4.1e-05   0.00016   2.3e-06   0.0014   -4.1e-10 
  -6e-06     6.6e-06   6.6e-06   6.6e-06  -4.1e-10   9.6e-05 

QLD
   0.059    -0.0087    0.091    -0.12      2.6      -0.063   
  -0.0087    0.16     -0.22      1.7      -0.03      0.069   
   0.091    -0.22      0.36      0.96      0.12      0.069   
  -0.12      1.7       0.96      0.026     0.0017    0.069   
   2.6      -0.03      0.12      0.0017    0.0014   -4.2e-06 
  -0.063     0.069     0.069     0.069    -4.2e-06   9.6e-05 

QLDIAGINV
   17      
   6.4     
   2.8     
   38      
   7.3e+02 
   1e+04   

B: body-dof matrix
--------
 xxxxxx |
 xxxxxx |
 xxxxxx |
 xxxxxx |
 xxxxxx |
 xxxxxx |
 xxxxxx |
 xxxxxx |
--------

B_rownnz              6 6 6 6 6 6 6 6

B_rowadr              0 6 12 18 24 30 36 42

B_colind              0 1 2 3 4 5 0 1 2 3 4 5 0 1 2 3 4 5 0 1 2 3 4 5 0 1 2 3 4 5 0 1 2 3 4 5 0 1 2 3 4 5 0 1 2 3 4 5

C: reduced dof-dof matrix
--------
 x      |
 xx     |
 xxx    |
 xxxx   |
 xxxxx  |
 xxxxxx |
--------

C_rownnz              1 2 3 4 5 6

C_rowadr              0 1 3 6 10 15

C_colind              0 0 1 0 1 2 0 1 2 3 0 1 2 3 4 0 1 2 3 4 5

mapM2C                0 2 1 5 4 3 9 8 7 6 14 13 12 11 10 20 19 18 17 16 15

D: dof-dof matrix
--------
 Dxxxxx |
 xDxxxx |
 xxDxxx |
 xxxDxx |
 xxxxDx |
 xxxxxD |
--------

D_rownnz              6 6 6 6 6 6

D_rowadr              0 6 12 18 24 30

D_colind              0 1 2 3 4 5 0 1 2 3 4 5 0 1 2 3 4 5 0 1 2 3 4 5 0 1 2 3 4 5 0 1 2 3 4 5

mapM2D                0 2 5 9 14 20 2 1 4 8 13 19 5 4 3 7 12 18 9 8 7 6 11 17 14 13 12 11 10 16 20 19 18 17 16 15

mapD2M                0 7 6 14 13 12 21 20 19 18 28 27 26 25 24 35 34 33 32 31 30

QDERIV
   0         0         0         0         0         0       
   0         0         0         0         0         0       
   0         0         0         0         0         0       
   0         0         0         0         0         0       
   0         0         0         0         0         0       
   0         0         0         0         0         0       

QLU
   0         0         0         0         0         0       
   0         0         0         0         0         0       
   0         0         0         0         0         0       
   0         0         0         0         0         0       
   0         0         0         0         0         0       
   0         0         0         0         0         0       

CONTACT
ACTUATOR_VELOCITY
   1.7e-15 
   1.7e-15 
   4.4e-14 
   4.6e-15 
   5.4e-16 
  -2.5e-15 

CVEL
   0         0         0         0         0         0       
   0         0         0         0         0         0       
   0         0         1.7e-15   3.2e-18   3.6e-17   0       
   1.1e-16  -1.7e-15   1.7e-15  -9.1e-17   3.1e-17   3.7e-17 
   2.8e-15  -4.6e-14   1.7e-15   2e-14     1.2e-15   4.9e-15 
   3e-15    -5e-14     1.7e-15   2e-14     1.3e-15   4.7e-15 
   3.1e-15  -5e-14     2.3e-15   2e-14     1.2e-15   4.7e-15 
   5.5e-16  -5e-14     2.4e-15   2e-14     1.1e-15   4.6e-15 

CDOF_DOT
   0         0         0         0         0         0       
   1.7e-15   1e-16    -0         5.6e-18  -9.3e-17  -5.4e-18 
   1.7e-15   1e-16    -2e-31    -2e-16     7.7e-16   8.9e-16 
   1.7e-15   1e-16    -2.8e-30   6.7e-15   4.9e-16  -1.8e-14 
  -5e-14    -2.9e-15   3.2e-15   1.3e-15  -2e-14    -1.9e-15 
   3.2e-15   2.4e-15   5e-14    -1.4e-15   5.8e-15  -1.1e-15 

QFRC_BIAS
  -3e-29   
   2.3     
   4.8     
   1.9     
  -0.00025 
   0       

QFRC_SPRING
   0       
   0       
   0       
   0       
   0       
   0       

QFRC_DAMPER
   0       
   0       
   0       
   0       
   0       
   0       

QFRC_GRAVCOMP
   0       
   0       
   0       
   0       
   0       
   0       

QFRC_FLUID
   0       
   0       
   0       
   0       
   0       
   0       

QFRC_PASSIVE
   0       
   0       
   0       
   0       
   0       
   0       

SUBTREE_LINVEL
   0         0         0       
   0         0         0       
   0         0         0       
   0         0         0       
   0         0         0       
   0         0         0       
   0         0         0       
   0         0         0       

SUBTREE_ANGMOM
   0         0         0       
   0         0         0       
   0         0         0       
   0         0         0       
   0         0         0       
   0         0         0       
   0         0         0       
   0         0         0       

ACTUATOR_FORCE
  -2.7e-29 
   2.3     
   4.8     
   1.9     
  -0.00025 
  -6.2e-33 

QFRC_ACTUATOR
  -2.7e-29 
   2.3     
   4.8     
   1.9     
  -0.00025 
  -6.2e-33 

QFRC_SMOOTH
   2.9e-30 
   0       
   0       
   0       
   0       
  -6.2e-33 

QACC_SMOOTH
   4.9e-29 
   4.2e-31 
  -4.4e-30 
   9.3e-30 
  -1.3e-28 
  -6.2e-29 

QFRC_CONSTRAINT
   0       
   0       
   0       
   0       
   0       
   0       

QFRC_INVERSE
   0       
   0       
   0       
   0       
   0       
   0       

CACC
   0         0         0        -0        -0         9.8     
   0         0         0         0         0         9.8     
   0         0         4.9e-29   9.2e-32   1e-30     9.8     
   3e-30    -2.4e-31   4.9e-29   7.9e-32   8.8e-31   9.8     
   7.8e-29   8.7e-30   4.9e-29  -1.1e-29   3.5e-29   9.8     
   8.6e-29  -1.3e-31   4.9e-29   2.1e-29   3.7e-29   9.8     
   5.1e-29  -2.2e-30  -7.5e-29   2.5e-29   4.1e-29   9.8     
  -1.8e-29  -7.8e-30  -2e-28     2.9e-29   2.3e-29   9.8     

CFRC_INT
   9e-17    -4.4e-16  -2.6e-29  -1.1e-27   4.7e-29   71      
   9e-17    -4.4e-16  -2.6e-29  -1.1e-27   4.7e-29   71      
  -0.052    -1.2      -2.6e-29  -1.1e-27   4.7e-29   56      
  -0.65     -1.7      -2.6e-29  -1.1e-27   4.8e-29   33      
  -0.63     -2.6      -2.7e-29  -1.1e-27   5.3e-29   21      
  -0.51     -2.6      -2.4e-29  -1e-27     4.4e-29   17      
  -0.054    -0.38     -3.1e-30  -1.4e-28   4.3e-30   1.9     
  -0.035    -0.27     -2.2e-30  -9.6e-29   2.4e-30   1.3     

CFRC_EXT
   0         0         0         0         0         0       
   0         0         0         0         0         0       
   0         0         0         0         0         0       
   0         0         0         0         0         0       
   0         0         0         0         0         0       
   0         0         0         0         0         0       
   0         0         0         0         0         0       
   0         0         0         0         0         0       

